0,0.625,0.674
1,0.531,0.708
2,0.531,4.622
3,0.500,7.930
4,0.375,10.074
5,0.469,8.224
6,0.594,5.133
7,0.594,2.426
8,0.562,2.051
9,0.438,0.999
10,0.562,1.157
11,0.469,1.575
12,0.281,1.188
13,0.438,1.922
14,0.344,1.181
15,0.625,1.394
16,0.594,1.148
17,0.406,2.685
18,0.500,1.069
19,0.406,2.412
20,0.469,3.182
21,0.406,3.652
22,0.344,2.735
23,0.281,2.643
24,0.688,0.653
25,0.469,1.458
26,0.469,1.480
27,0.438,1.181
28,0.500,3.754
29,0.469,1.563
30,0.438,1.807
31,0.750,0.656
32,0.469,0.821
33,0.375,1.046
34,0.531,1.395
35,0.562,1.484
36,0.531,0.721
37,0.406,1.011
38,0.438,2.018
39,0.594,0.620
40,0.500,0.796
41,0.531,0.618
42,0.281,0.725
43,0.594,0.855
44,0.406,0.757
45,0.656,0.668
46,0.562,0.667
47,0.312,0.706
48,0.812,0.542
49,0.469,0.689
50,0.812,0.593
51,0.781,0.623
52,0.844,0.582
53,0.312,0.694
54,0.844,0.468
55,0.312,0.695
56,0.438,0.701
57,0.594,0.674
58,0.531,0.693
59,0.688,0.626
60,0.531,0.693
61,0.469,0.694
62,0.281,0.963
63,0.750,0.479
64,0.781,0.603
65,0.562,0.511
66,0.688,0.568
67,0.719,0.544
68,0.688,0.670
69,0.500,0.689
70,0.812,0.644
71,0.406,0.695
72,0.375,0.695
73,0.844,0.589
74,0.562,0.692
75,0.656,0.611
76,0.812,0.598
77,0.438,0.694
78,0.531,0.693
79,0.750,0.624
80,0.500,0.693
81,0.281,0.697
82,0.375,0.695
83,0.531,0.604
84,0.562,0.692
85,0.812,0.590
86,0.750,0.732
87,0.750,0.667
88,0.688,0.655
89,0.719,0.544
90,0.531,0.693
91,0.969,0.580
92,0.844,0.650
93,0.812,0.614
94,0.781,0.566
95,0.531,0.693
96,0.906,0.612
97,0.688,0.589
98,0.875,0.544
99,0.500,0.693
100,0.469,0.690
101,0.812,0.605
102,0.844,0.623
103,0.812,0.667
104,0.406,0.773
105,0.938,0.593
106,0.656,3.721
107,0.500,0.689
108,0.719,0.657
109,0.719,0.688
110,0.438,0.695
111,0.906,0.477
112,0.719,0.507
113,0.656,0.824
114,0.906,0.552
115,0.875,0.581
116,0.344,1.451
117,0.875,0.589
118,0.688,0.546
119,0.781,0.578
120,0.844,0.670
121,0.656,0.678
122,0.875,0.537
123,0.625,0.645
124,0.531,0.663
125,0.531,0.598
126,0.438,1.179
127,0.688,0.628
128,0.562,0.549
129,0.781,0.485
130,0.656,0.552
131,0.625,0.689
132,0.594,1.065
133,0.438,0.676
134,0.625,0.625
135,0.625,0.623
136,0.656,0.687
137,0.625,0.688
138,0.531,0.689
139,0.688,0.682
140,0.781,0.560
141,0.406,0.697
142,0.625,0.650
143,0.812,0.634
144,0.562,0.660
145,0.562,0.691
146,0.531,0.692
147,0.812,0.580
148,0.531,0.914
149,0.344,0.867
150,0.531,0.692
151,0.500,0.693
152,0.625,0.602
153,0.594,0.678
154,0.312,0.703
155,0.906,0.569
156,0.719,0.676
157,0.562,0.690
158,0.844,0.621
159,0.500,0.694
160,0.531,0.692
161,0.844,0.597
162,0.219,0.709
163,0.875,0.615
164,0.531,0.692
165,0.719,0.665
166,0.562,0.677
167,0.562,0.690
168,0.844,0.559
169,0.469,0.696
170,0.469,0.760
171,0.656,0.677
172,0.406,0.699
173,0.844,0.653
174,0.906,0.568
175,0.969,0.611
176,0.719,0.600
177,0.469,1.133
178,0.531,0.695
179,0.844,0.493
180,0.844,0.618
181,0.562,0.670
182,0.688,0.675
183,0.844,0.511
184,0.750,0.611
185,0.844,0.578
186,0.625,0.547
187,0.906,0.499
188,0.938,0.570
189,0.562,0.686
190,0.750,0.606
191,0.750,0.569
192,0.438,1.032
193,0.812,0.573
194,0.594,0.634
195,0.344,0.705
196,0.781,0.501
197,0.781,0.596
198,0.469,0.817
199,0.656,0.605
200,0.562,0.641
201,0.625,0.720
202,0.812,0.495
203,0.750,0.549
204,0.438,0.852
205,0.875,0.390
206,0.375,0.749
207,0.625,0.577
208,0.844,0.433
209,0.469,0.693
210,0.500,0.688
211,0.500,0.682
212,0.594,0.708
213,0.469,0.608
214,0.562,0.669
215,0.750,0.479
216,0.781,0.587
217,0.500,0.693
218,0.750,0.646
219,0.906,0.519
220,0.750,0.480
221,0.500,0.674
222,0.719,0.568
223,0.406,0.702
224,0.688,0.671
225,0.438,0.862
226,0.656,0.669
227,0.875,0.504
228,0.469,0.733
229,0.562,0.688
230,0.812,0.560
231,0.438,0.821
232,0.938,0.538
233,0.875,0.455
234,0.438,0.662
235,0.781,0.582
236,0.531,0.694
237,0.719,0.575
238,0.500,0.701
239,0.656,0.586
240,0.594,0.640
241,0.500,0.544
242,0.562,0.599
243,0.750,0.602
244,0.719,0.604
245,0.750,0.631
246,0.812,0.508
247,0.656,0.615
248,0.625,0.614
249,0.531,0.682
250,0.875,0.578
251,0.562,0.798
252,0.500,0.870
253,0.562,0.556
254,0.812,0.518
255,0.562,0.688
256,0.844,0.444
257,0.531,0.691
258,0.781,0.515
259,0.531,1.104
260,0.812,0.487
261,0.969,0.560
262,0.719,0.534
263,0.938,0.514
264,0.344,0.727
265,0.750,0.554
266,0.844,0.536
267,0.875,0.466
268,0.750,0.616
269,0.719,0.623
270,0.781,0.532
271,0.562,0.658
272,0.781,0.534
273,0.812,0.541
274,0.469,0.699
275,0.688,0.658
276,0.906,0.580
277,0.656,0.590
278,0.906,0.528
279,0.719,0.553
280,0.906,0.494
281,0.812,0.407
282,0.531,0.863
283,0.375,0.778
284,0.875,0.462
285,0.906,0.406
286,0.781,0.474
287,0.438,0.722
288,0.469,0.700
289,0.812,0.592
290,0.438,0.703
291,0.781,0.558
292,0.562,0.687
293,0.719,0.589
294,0.625,0.571
295,0.750,0.482
296,0.844,0.437
297,0.438,0.782
298,0.406,0.754
299,0.594,0.683
300,0.750,0.542
301,0.781,0.548
302,0.500,0.719
303,0.719,1.098
304,0.750,0.605
305,0.531,1.032
306,0.500,0.696
307,0.750,0.632
308,0.844,0.541
309,0.812,0.648
310,0.938,0.462
311,0.750,0.491
312,0.812,0.508
313,0.531,0.686
314,0.625,0.559
315,0.500,0.687
316,0.562,0.687
317,0.531,0.694
318,0.781,0.488
319,0.844,0.538
320,0.375,0.712
321,0.750,0.655
322,0.875,0.461
323,0.875,0.573
324,0.594,0.601
325,0.781,0.460
326,0.594,0.685
327,0.875,0.595
328,0.469,0.690
329,0.781,0.663
330,0.719,0.613
331,0.469,0.728
332,0.781,0.510
333,0.938,0.433
334,0.875,0.475
335,0.750,0.564
336,0.688,0.562
337,0.781,0.572
338,0.656,0.666
339,0.875,0.554
340,0.812,0.469
341,0.625,0.604
342,0.500,0.696
343,0.844,0.456
344,0.906,0.427
345,0.375,0.717
346,0.750,0.643
347,0.781,0.628
348,0.844,0.570
349,0.812,0.489
350,0.844,0.487
351,0.906,0.455
352,0.875,0.559
353,0.906,0.406
354,0.688,0.648
355,0.875,0.421
356,0.844,0.538
357,0.500,0.697
358,0.969,0.440
359,0.562,0.686
360,0.906,0.418
361,0.781,0.464
362,0.562,0.670
363,0.844,0.472
364,0.719,0.507
365,0.688,0.630
366,0.938,0.415
367,0.438,1.251
368,0.812,0.570
369,0.719,0.646
370,0.562,0.702
371,0.781,0.473
372,0.750,0.548
373,0.750,0.551
374,0.844,0.525
375,0.812,0.557
376,0.625,0.649
377,0.812,0.485
378,0.781,0.529
379,0.875,0.551
380,0.906,0.429
381,0.750,0.620
382,0.812,0.635
383,0.844,0.494
384,0.906,0.528
385,0.812,0.503
386,0.469,0.705
387,0.750,0.637
388,0.938,0.539
389,0.531,0.689
390,0.500,0.699
391,0.969,0.434
392,0.812,0.552
393,0.875,0.365
394,1.000,0.517
395,0.688,0.524
396,0.562,0.683
397,0.875,0.592
398,0.375,0.723
399,0.812,0.429
400,0.875,0.518
401,0.719,0.575
402,0.812,0.575
403,0.750,0.508
404,0.562,0.683
405,0.719,0.587
406,0.500,1.554
407,0.562,0.683
408,0.594,0.679
409,0.688,0.639
410,0.906,0.545
411,0.938,0.459
412,0.906,0.518
413,0.781,0.537
414,0.438,0.715
415,0.938,0.446
416,0.781,0.613
417,0.906,0.375
418,0.500,0.699
419,0.719,0.533
420,0.469,0.660
421,0.594,0.687
422,0.656,0.587
423,0.938,0.515
424,0.875,0.514
425,0.625,0.710
426,0.906,0.389
427,0.844,0.454
428,0.344,0.736
429,0.594,0.681
430,0.844,0.507
431,0.719,0.516
432,0.875,0.533
433,0.781,0.550
434,0.812,0.619
435,0.750,0.478
436,0.594,0.648
437,0.906,0.526
438,0.656,0.656
439,0.562,0.679
440,0.781,0.472
441,0.531,0.689
442,0.656,0.603
443,0.781,0.609
444,0.750,0.563
445,0.906,0.399
446,0.531,0.690
447,0.812,0.578
448,0.875,0.582
449,0.656,0.652
450,0.719,0.541
451,0.812,0.603
452,0.781,0.646
453,0.750,0.617
454,0.750,0.681
455,0.594,0.678
456,0.875,0.533
457,0.469,0.713
458,0.844,0.590
459,0.875,0.465
460,0.562,0.688
461,0.844,0.554
462,0.656,0.640
463,0.719,0.636
464,0.875,0.440
465,0.625,0.667
466,0.938,0.402
467,0.750,0.633
468,0.750,0.558
469,0.688,0.696
470,0.375,0.740
471,0.469,0.737
472,0.875,0.499
473,0.750,0.595
474,0.656,0.659
475,0.906,0.551
476,0.750,0.607
477,0.500,0.699
478,0.656,0.552
479,0.812,0.372
480,0.344,0.786
481,0.781,0.509
482,0.594,0.856
483,0.812,0.576
484,0.625,0.583
485,0.688,0.518
486,0.781,0.516
487,0.438,0.721
488,0.969,0.533
489,0.719,0.643
490,0.781,0.516
491,0.750,0.445
492,0.844,0.556
493,0.688,0.877
494,0.812,0.590
495,0.812,0.570
496,0.906,0.436
497,0.688,0.632
498,0.781,0.519
499,0.750,0.626
500,0.812,0.500
501,0.906,0.472
502,0.938,0.478
503,0.875,0.445
504,0.719,0.549
505,0.688,0.923
506,0.844,0.484
507,0.906,0.446
508,0.906,0.579
509,0.938,0.475
510,0.969,0.484
511,0.781,0.496
512,0.688,0.571
513,0.875,0.468
514,0.750,0.626
515,0.844,0.554
516,0.562,0.674
517,0.812,0.478
518,0.500,0.691
519,0.688,0.544
520,0.781,0.549
521,0.906,0.580
522,0.719,0.617
523,0.719,0.579
524,0.844,0.475
525,0.562,0.798
526,0.906,0.476
527,0.750,0.685
528,0.844,0.497
529,0.781,0.596
530,0.625,0.842
531,0.531,0.695
532,0.906,0.390
533,0.719,0.622
534,0.531,0.694
535,0.750,0.603
536,0.656,0.651
537,0.844,0.507
538,0.438,0.717
539,0.906,0.519
540,0.938,0.474
541,0.750,0.618
542,0.750,0.548
543,0.781,0.623
544,0.719,0.630
545,0.500,0.707
546,0.688,0.638
547,0.531,0.707
548,0.844,0.548
549,0.750,0.483
550,0.688,0.649
551,0.688,0.682
552,0.625,0.784
553,0.781,0.606
554,0.938,0.403
555,0.906,0.363
556,0.875,0.400
557,0.875,0.444
558,0.469,0.718
559,0.938,0.549
560,0.938,0.461
561,0.625,0.658
562,0.812,0.538
563,0.594,0.909
564,0.812,0.570
565,0.844,0.475
566,0.781,0.514
567,0.938,0.368
568,0.562,0.689
569,0.812,0.615
570,0.688,0.632
571,0.531,0.681
572,0.469,0.720
573,0.500,0.899
574,0.312,0.749
575,0.812,0.560
576,0.688,0.619
577,0.875,0.508
578,0.906,0.459
579,0.938,0.510
580,0.844,0.608
581,0.750,0.504
582,0.438,0.730
583,0.531,0.699
584,0.812,0.570
585,0.656,0.984
586,0.562,0.686
587,0.875,0.493
588,0.562,0.687
589,0.656,0.912
590,0.906,0.436
591,0.406,0.742
592,0.781,0.514
593,0.531,0.698
594,0.562,0.680
595,0.500,0.695
596,0.375,0.710
597,0.406,0.734
598,0.562,0.687
599,0.562,0.655
600,0.594,0.648
601,0.781,0.576
602,0.844,0.582
603,0.562,0.662
604,0.562,0.686
605,0.594,0.664
606,0.875,0.515
607,0.812,0.428
608,0.781,0.605
609,0.812,0.561
610,0.594,0.672
611,0.844,0.502
612,0.531,0.698
613,0.781,0.502
614,0.594,1.011
615,0.688,0.926
616,0.781,0.453
617,0.938,0.478
618,0.969,0.345
619,0.875,0.468
620,0.500,0.710
621,0.844,0.522
622,0.875,0.419
623,0.719,0.595
624,0.938,0.405
625,0.625,0.662
626,0.531,0.696
627,0.531,0.701
628,0.906,0.440
629,0.500,0.711
630,0.531,0.674
631,0.469,0.717
632,0.469,0.723
633,0.812,0.585
634,0.562,0.687
635,0.844,0.543
636,0.875,0.506
637,0.594,0.676
638,0.438,0.734
639,0.781,0.582
640,0.312,0.782
641,0.844,0.488
642,0.562,0.700
643,0.625,0.661
644,0.719,0.519
645,0.750,0.526
646,0.656,0.652
647,0.781,0.537
648,0.781,0.507
649,0.781,0.553
650,0.875,0.549
651,0.406,0.765
652,0.750,1.125
653,0.844,0.521
654,0.875,0.380
655,0.656,0.530
656,0.500,0.690
657,0.750,0.727
658,0.844,0.507
659,0.688,0.639
660,0.469,0.724
661,0.688,0.596
662,0.531,0.685
663,0.906,0.560
664,0.812,0.591
665,0.562,0.681
666,0.625,0.658
667,0.312,0.783
668,0.844,0.575
669,0.562,0.674
670,0.688,0.611
671,0.375,0.761
672,0.469,0.714
673,0.719,0.639
674,0.375,0.761
675,0.531,0.698
676,0.500,0.712
677,0.844,0.449
678,0.531,0.700
679,0.750,0.577
680,0.625,0.662
681,0.812,0.558
682,0.688,0.638
683,0.688,0.633
684,0.625,0.661
685,0.531,0.700
686,0.656,0.621
687,0.906,0.362
688,0.781,0.527
689,0.938,0.453
690,0.469,0.926
691,0.906,0.420
692,0.812,0.448
693,0.625,1.258
694,0.750,0.601
695,0.562,0.676
696,0.719,0.804
697,0.875,0.485
698,0.469,0.886
699,0.781,0.567
700,0.812,0.602
701,0.812,0.631
702,0.906,0.298
703,0.750,0.590
704,0.812,0.598
705,0.875,0.479
706,0.938,0.458
707,0.469,0.725
708,0.812,0.551
709,0.938,0.504
710,0.469,0.703
711,0.875,0.464
712,0.938,0.475
713,0.594,0.580
714,0.781,0.538
715,0.688,0.625
716,0.844,0.531
717,0.938,0.330
718,0.906,0.499
719,0.719,0.572
720,0.844,0.425
721,0.469,0.947
722,0.656,0.571
723,0.719,0.566
724,0.562,0.688
725,0.438,0.704
726,0.969,0.480
727,0.938,0.559
728,0.906,0.575
729,0.500,0.709
730,0.500,0.712
731,0.531,0.702
732,0.469,0.728
733,0.844,0.514
734,0.844,0.555
735,0.719,0.652
736,0.562,0.679
737,0.469,0.722
738,0.438,0.720
739,0.844,0.589
740,0.688,0.637
741,0.656,0.623
742,0.500,0.715
743,0.969,0.305
744,0.938,0.402
745,0.750,0.573
746,0.906,0.353
747,0.844,0.409
748,0.812,0.485
749,0.312,0.793
750,0.844,0.444
751,0.781,0.464
752,0.750,0.681
753,0.844,0.555
754,0.875,0.489
755,0.750,0.492
756,0.656,0.682
757,0.844,0.516
758,0.781,0.548
759,0.906,0.415
760,0.844,0.550
761,0.406,0.729
762,0.750,0.551
763,0.375,0.771
764,0.781,0.565
765,0.594,0.660
766,0.906,0.375
767,0.844,0.463
768,0.719,0.645
769,0.656,0.672
770,0.844,0.518
771,0.781,0.548
772,0.375,0.769
773,0.875,0.545
774,0.562,0.693
775,0.625,0.662
776,0.656,0.639
777,0.844,0.500
778,0.500,0.716
779,0.562,0.689
780,0.906,0.402
781,0.750,0.574
782,0.750,0.582
783,0.594,0.672
784,0.812,0.579
785,0.906,0.352
786,0.875,0.506
787,0.688,0.631
788,0.844,0.520
789,0.812,0.371
790,0.531,0.699
791,0.406,0.755
792,0.875,0.438
793,0.781,0.610
794,0.875,0.557
795,0.938,0.266
796,0.875,0.504
797,0.438,0.744
798,0.750,0.510
799,0.750,0.607
800,0.812,0.514
801,0.719,0.665
802,0.875,0.354
803,1.000,0.303
804,0.906,0.294
805,0.750,0.561
806,0.625,0.659
807,0.938,0.375
808,0.719,0.642
809,0.906,0.419
810,0.812,0.954
811,0.750,0.559
812,0.906,0.335
813,0.875,0.415
814,0.781,0.411
815,0.438,0.747
816,0.594,0.573
817,0.781,0.624
818,0.719,0.525
819,0.531,0.699
820,0.531,0.703
821,0.594,0.676
822,0.938,0.485
823,0.906,0.471
824,0.594,0.640
825,0.844,0.394
826,0.812,0.479
827,0.438,0.729
828,0.844,0.562
829,0.656,0.646
830,0.906,0.368
831,0.906,0.495
832,0.469,0.725
833,0.875,0.522
834,0.781,0.528
835,0.625,0.639
836,0.969,0.320
837,0.844,0.473
838,0.812,0.391
839,0.938,0.392
840,0.625,0.660
841,0.625,0.658
842,0.469,0.923
843,0.812,0.744
844,0.875,0.393
845,0.781,0.563
846,0.906,0.408
847,0.906,0.454
848,0.875,0.421
849,0.875,0.475
850,0.844,0.442
851,0.938,0.493
852,0.625,0.655
853,0.844,0.371
854,0.469,0.701
855,0.688,0.648
856,0.875,0.401
857,0.375,0.759
858,0.781,0.546
859,0.844,0.433
860,0.812,0.468
861,0.906,0.442
862,0.969,0.371
863,0.938,0.340
864,0.562,0.693
865,0.906,0.421
866,0.812,0.470
867,0.844,0.575
868,0.562,0.670
869,0.469,0.741
870,0.875,0.514
871,0.719,0.577
872,0.969,0.306
873,0.812,0.466
874,0.625,0.636
875,0.906,0.317
876,0.719,0.607
877,0.844,0.413
878,0.812,0.381
879,0.344,1.221
880,0.938,0.344
881,0.812,0.357
882,0.656,0.614
883,0.562,0.681
884,0.969,0.414
885,0.688,0.592
886,0.906,0.384
887,0.812,0.487
888,0.906,0.348
889,0.781,0.450
890,0.844,0.429
891,0.938,0.447
892,0.438,0.753
893,0.344,0.789
894,0.531,0.685
895,0.844,0.559
896,0.750,0.601
897,0.781,0.517
898,0.812,0.570
899,0.438,0.749
900,0.594,0.678
901,0.844,0.413
902,0.938,0.495
903,0.656,0.571
904,0.781,0.418
905,0.875,0.380
906,0.750,0.508
907,0.781,0.570
908,0.688,0.612
909,0.656,0.646
910,0.500,0.712
911,0.812,0.532
912,0.812,0.479
913,0.875,0.432
914,0.875,0.350
915,0.906,0.484
916,0.875,0.418
917,0.812,0.429
918,0.938,0.363
919,0.625,0.660
920,0.625,1.223
921,0.875,0.451
922,0.781,0.517
923,0.750,0.544
924,0.844,0.354
925,0.812,0.665
926,0.750,0.589
927,0.812,0.442
928,0.875,0.456
929,0.750,0.556
930,0.844,0.479
931,0.656,0.651
932,0.656,0.622
933,0.781,0.585
934,0.531,0.711
935,0.906,0.522
936,0.812,0.436
937,0.469,0.752
938,0.938,0.419
939,0.750,0.585
940,0.938,0.476
941,0.844,0.499
942,0.781,0.622
943,0.812,0.570
