[[ 1.0716796e-03 -1.1832705e-04 -2.9126681e-05  6.0706545e-04
  -3.1225156e-04]
 [-1.1832705e-04  5.8371929e-04  1.6130929e-04  9.5824573e-05
   1.9903877e-04]
 [-2.9126681e-05  1.6130929e-04  2.3493552e-04  1.5956868e-04
   4.2407820e-04]
 [ 6.0706545e-04  9.5824573e-05  1.5956868e-04  5.6958810e-04
   2.2447002e-04]
 [-3.1225156e-04  1.9903877e-04  4.2407820e-04  2.2447002e-04
   9.7346463e-04]]
[[ 0.01764052  0.00400157  0.00978738  0.02240893  0.01867558]
 [-0.00977278  0.00950088 -0.00151357 -0.00103219  0.00410599]
 [ 0.00144044  0.01454273  0.00761038  0.00121675  0.00443863]
 [ 0.00333674  0.01494079 -0.00205158  0.00313068 -0.00854096]
 [-0.0255299   0.00653619  0.00864436 -0.00742165  0.02269755]] [[1.03092784 1.03092784 1.03092784 1.03092784 1.03092784]
 [1.03092784 1.03092784 1.03092784 1.03092784 1.03092784]
 [1.03092784 1.03092784 1.03092784 1.03092784 1.03092784]
 [1.03092784 1.03092784 1.03092784 1.03092784 1.03092784]
 [0.         1.03092784 1.03092784 1.03092784 1.03092784]] [[ 0.0181861   0.00412533  0.01009008  0.02310199  0.01925318]
 [-0.01007503  0.00979472 -0.00156038 -0.00106411  0.00423298]
 [ 0.00148499  0.01499251  0.00784575  0.00125438  0.00457591]
 [ 0.00343994  0.01540288 -0.00211503  0.00322751 -0.00880511]
 [-0.          0.00673834  0.00891171 -0.00765119  0.02339954]] [[ 0.0181861   0.00412533  0.01009008  0.02310199  0.01925318]
 [-0.01007503  0.00979472 -0.00156038 -0.00106411  0.00423298]
 [ 0.00148499  0.01499251  0.00784575  0.00125438  0.00457591]
 [ 0.00343994  0.01540288 -0.00211503  0.00322751 -0.00880511]
 [-0.          0.00673834  0.00891171 -0.00765119  0.02339954]]
