0,0.406,0.708
1,0.781,1.565
2,0.594,5.794
3,0.719,1.010
4,0.688,1.365
5,0.406,1.584
6,0.875,0.506
7,0.906,0.205
8,0.625,0.989
9,0.844,0.246
10,0.875,0.312
11,0.875,0.233
12,0.781,0.489
13,0.875,0.332
14,0.875,0.287
15,0.906,0.259
16,0.969,0.144
17,0.938,0.191
18,0.875,0.233
19,0.812,0.328
20,0.906,0.304
21,0.969,0.133
22,0.906,0.190
23,0.906,0.267
24,0.875,0.331
25,0.906,0.220
26,0.938,0.227
27,0.938,0.197
28,0.938,0.182
29,0.781,0.411
30,0.938,0.198
31,0.938,0.151
32,0.906,0.237
33,0.844,0.362
34,0.906,0.296
35,0.875,0.329
36,1.000,0.078
37,0.969,0.156
38,0.844,0.427
39,1.000,0.060
0,0.969,0.149
1,0.906,0.164
2,0.938,0.120
3,0.906,0.213
4,0.938,0.207
5,1.000,0.025
6,0.969,0.074
7,0.969,0.126
8,0.906,0.197
9,0.938,0.133
10,0.969,0.141
11,0.969,0.091
12,0.906,0.202
13,0.938,0.136
14,0.969,0.123
15,0.969,0.108
16,1.000,0.041
17,0.875,0.205
18,0.938,0.118
19,0.969,0.137
20,0.906,0.263
21,1.000,0.028
22,1.000,0.074
23,0.938,0.173
24,1.000,0.047
25,0.969,0.066
26,0.969,0.098
27,1.000,0.039
28,1.000,0.034
29,0.844,0.240
30,0.969,0.099
31,0.969,0.105
32,0.906,0.160
33,1.000,0.104
34,0.938,0.088
35,0.938,0.128
36,1.000,0.055
37,0.938,0.100
38,0.875,0.382
39,1.000,0.012
0,0.969,0.121
1,0.906,0.102
2,0.938,0.112
3,0.906,0.098
4,0.938,0.156
5,1.000,0.008
6,1.000,0.034
7,0.969,0.120
8,0.938,0.136
9,1.000,0.032
10,0.969,0.085
11,0.969,0.054
12,0.969,0.071
13,1.000,0.030
14,1.000,0.036
15,0.969,0.056
16,1.000,0.006
17,0.906,0.089
18,0.938,0.120
19,0.969,0.061
20,0.938,0.191
21,1.000,0.009
22,1.000,0.024
23,1.000,0.026
24,0.969,0.055
25,0.969,0.038
26,0.969,0.068
27,1.000,0.011
28,1.000,0.019
29,1.000,0.053
30,0.938,0.091
31,1.000,0.045
32,0.938,0.130
33,1.000,0.062
34,1.000,0.022
35,1.000,0.059
36,1.000,0.010
37,1.000,0.027
38,0.906,0.278
39,1.000,0.013
0,1.000,0.022
1,1.000,0.025
2,1.000,0.015
3,0.969,0.031
4,0.969,0.097
5,1.000,0.010
6,1.000,0.025
7,0.938,0.082
8,1.000,0.036
9,1.000,0.010
10,0.969,0.043
11,0.969,0.091
12,0.969,0.057
13,1.000,0.012
14,1.000,0.018
15,1.000,0.022
16,1.000,0.002
17,0.969,0.053
18,0.938,0.113
19,1.000,0.015
20,0.969,0.088
21,1.000,0.003
22,1.000,0.035
23,1.000,0.025
24,1.000,0.006
25,1.000,0.013
26,1.000,0.025
27,1.000,0.003
28,1.000,0.002
29,1.000,0.019
30,0.969,0.058
31,1.000,0.008
32,0.969,0.060
33,1.000,0.023
34,1.000,0.017
35,1.000,0.035
36,1.000,0.001
37,1.000,0.016
38,0.938,0.109
39,1.000,0.002
0,1.000,0.013
1,1.000,0.015
2,1.000,0.023
3,1.000,0.006
4,0.969,0.066
5,1.000,0.017
6,0.969,0.065
7,0.969,0.045
8,1.000,0.021
9,1.000,0.011
10,1.000,0.015
11,0.969,0.041
12,1.000,0.012
13,1.000,0.046
14,1.000,0.029
15,1.000,0.021
16,1.000,0.001
17,0.969,0.064
18,1.000,0.019
19,1.000,0.005
20,0.969,0.129
21,1.000,0.001
22,1.000,0.005
23,1.000,0.005
24,1.000,0.003
25,0.969,0.071
26,0.938,0.106
27,1.000,0.002
28,1.000,0.003
29,1.000,0.021
30,1.000,0.022
31,0.969,0.111
32,0.969,0.077
33,1.000,0.030
34,0.969,0.033
35,1.000,0.013
36,1.000,0.001
37,1.000,0.014
38,1.000,0.076
39,1.000,0.001
